1670.491606154442 -625.514638630956
1743.42598628699 -141.6765574868461
971.1973017334025 -1783.950429329896
-548.4253813750572 -1896.249797514192
257.9251634660193 -1886.994257209297
-1459.957738131072 -1538.872516587321
-1836.794669473973 -107.8402935380694
-1691.155531923508 888.7605200052346
-1774.073896854975 720.3256810151894
-1071.980344395092 1620.212868397567
71.31453667668866 2245.966609010875
-645.180283155933 1882.326534116055
1698.292417062461 1026.358118483146
1856.288883735563 644.5522511591884
1670.491606154442 -625.514638630956
